%YAML:1.0
---
camera_matrix: !!opencv-matrix
   rows: 3
   cols: 3
   dt: d
   data: [ 1.0377712043674984e+02, 0., 9.5172630548139762e+02, 0.,
       4.5350331655126251e+02, 5.4027747991995375e+02, 0., 0., 1. ]
dist_coeff: !!opencv-matrix
   rows: 1
   cols: 5
   dt: d
   data: [ -1.0110717861106629e-02, 2.7625119662513148e-05,
       -2.5941455374648223e-04, -1.3070392673455349e-03,
       -1.1645140227974816e-08 ]
