%YAML:1.0
---
camera_matrix: !!opencv-matrix
   rows: 3
   cols: 3
   dt: d
   data: [ 7.0944827714250596e+02, 0., 7.1267637259421394e+02, 0.,
       5.5538206442676856e+03, 4.5230175475964285e+02, 0., 0., 1. ]
dist_coeff: !!opencv-matrix
   rows: 1
   cols: 5
   dt: d
   data: [ 1.7593200091087746e-01, 2.9662856507944637e+00,
       6.4031216278946063e-02, 1.1895869816927102e-01,
       7.0013603018797710e-01 ]
