%YAML:1.0
---
camera_matrix: !!opencv-matrix
   rows: 3
   cols: 3
   dt: d
   data: [ 4.4671441704958323e+02, 0., 2.9306902490449767e+02, 0.,
       4.4796618070976319e+02, 1.6349023991783292e+02, 0., 0., 1. ]
dist_coeff: !!opencv-matrix
   rows: 1
   cols: 5
   dt: d
   data: [ 3.8546350573095217e-02, 2.8280829646125305e-01,
       2.5541404205506944e-03, -1.0493403443539379e-02,
       -1.3921044842464567e+00 ]
