%YAML:1.0
---
camera_matrix: !!opencv-matrix
   rows: 3
   cols: 3
   dt: d
   data: [ 4.2194588248562297e+02, 0., 2.9549276104476729e+02, 0.,
       4.2345253411871431e+02, 1.6681221640809295e+02, 0., 0., 1. ]
dist_coeff: !!opencv-matrix
   rows: 1
   cols: 5
   dt: d
   data: [ 1.8718369946218694e-01, -1.1144804871731495e+00,
       8.4726620977643131e-04, 1.8887972501216283e-03,
       1.5152414971777834e+00 ]
