%YAML:1.0
---
camera_matrix: !!opencv-matrix
   rows: 3
   cols: 3
   dt: d
   data: [ 9.5304183088685556e+02, 0., 6.2748529240464950e+02, 0.,
       9.5489650614318953e+02, 3.4440864510714266e+02, 0., 0., 1. ]
dist_coeff: !!opencv-matrix
   rows: 1
   cols: 5
   dt: d
   data: [ 4.3621965780473185e-02, 2.2749124392923875e-01,
       7.5689125700605369e-04, -9.6405977780765241e-03,
       -1.2390029924052763e+00 ]
