%YAML:1.0
---
camera_matrix: !!opencv-matrix
   rows: 3
   cols: 3
   dt: d
   data: [ 4.2194587417021893e+02, 0., 2.9549272286562228e+02, 0.,
       4.2345254361270037e+02, 1.6681220517767900e+02, 0., 0., 1. ]
dist_coeff: !!opencv-matrix
   rows: 1
   cols: 5
   dt: d
   data: [ 1.8718380169146165e-01, -1.1144822548176643e+00,
       8.4725207022362905e-04, 1.8887188244183985e-03,
       1.5152441352982293e+00 ]
