%YAML:1.0
---
camera_matrix: !!opencv-matrix
   rows: 3
   cols: 3
   dt: d
   data: [ 4.4671441394121513e+02, 0., 2.9306899837446502e+02, 0.,
       4.4796619605573642e+02, 1.6349023311925862e+02, 0., 0., 1. ]
dist_coeff: !!opencv-matrix
   rows: 1
   cols: 5
   dt: d
   data: [ 3.8545794112613503e-02, 2.8281040814272745e-01,
       2.5541272251332209e-03, -1.0493471466562180e-02,
       -1.3921079109174357e+00 ]
