%YAML:1.0
---
camera_matrix: !!opencv-matrix
   rows: 3
   cols: 3
   dt: d
   data: [ 7.5032911571015325e+02, 0., 7.3152203652490425e+02, 0.,
       5.0357941488484448e+03, 4.3100010892200203e+02, 0., 0., 1. ]
dist_coeff: !!opencv-matrix
   rows: 1
   cols: 5
   dt: d
   data: [ -1.2047006767913644e-01, 2.6837370730943562e+00,
       8.0690802287467472e-02, 5.1361644896663707e-02,
       7.2994704357236495e+00 ]
