%YAML:1.0
---
camera_matrix: !!opencv-matrix
   rows: 3
   cols: 3
   dt: d
   data: [ 7.2718155113639682e+01, 0., 8.1018528758499758e+02, 0.,
       6.2418211875336999e+02, 5.9348353650113688e+02, 0., 0., 1. ]
dist_coeff: !!opencv-matrix
   rows: 1
   cols: 5
   dt: d
   data: [ -6.9495096151319545e-03, -4.9814441761724553e-04,
       -1.8224775902530618e-02, 1.1600236588488100e-02,
       1.0199396374869757e-05 ]
