%YAML:1.0
---
camera_matrix: !!opencv-matrix
   rows: 3
   cols: 3
   dt: d
   data: [ 1.3488136059137757e+03, 0., 9.4575598437821407e+02, 0.,
       1.3518988954612314e+03, 5.3461420749952958e+02, 0., 0., 1. ]
dist_coeff: !!opencv-matrix
   rows: 1
   cols: 5
   dt: d
   data: [ 1.8468687361951641e-01, -1.0907933909434255e+00,
       7.6293128835872872e-04, 1.9940091398957956e-03,
       1.4697465175661313e+00 ]
